<svg xmlns="http://www.w3.org/2000/svg" viewBox="0 0 1366 641" preserveAspectRatio="xMidYMid" width="1366" height="641" style="shape-rendering: auto; display: block; background: rgb(255, 228, 123);"><g data-idx="1"><style type="text/css" data-idx="2">
  @keyframes ld-fall {
    0%    { transform: translate(0,0px) rotate3d(1,1,1,0deg); }
    16.6% { transform: translate(0,108.83333333333333px) rotate3d(1,1,1,180deg); }
    33.3% { transform: translate(0,217.66666666666666px) rotate3d(1,1,1,360deg); }
    50.0% { transform: translate(0,326.5px) rotate3d(1,1,1,540deg); }
    66.6% { transform: translate(0,435.3333333333333px) rotate3d(1,1,1,720deg); }
    83.3% { transform: translate(0,544.1666666666666px) rotate3d(1,1,1,900deg); }
    100%  { transform: translate(0,653px) rotate3d(1,1,1,1080deg) ; }
  }
  .ld.ld-fall {
    animation: ld-fall 4s linear infinite;
  }
  .ld.ld-fall2 {
    animation: ld-fall 4s linear infinite;
    animation-fill-mode: forwards;
  }
</style>
  <g transform="matrix(1,0,0,1,0,416.7264099121094)" data-idx="3"><g transform="matrix(1,0,0,1,1255.177978515625,0)" data-idx="4">
<g style="animation-delay: -76.1033s; animation-duration: 2s; animation-play-state: paused; transform: matrix3d(0.705809, 0.625927, -0.331736, 0, -0.331736, 0.705809, 0.625927, 0, 0.625927, -0.331736, 0.705809, 0, 0, 33.8793, 0, 1);" class="ld ld-fall2" data-idx="5">
<rect fill="#4355db" style="transform: matrix(2.78139, 0, 0, 2.78139, 0, 0);" height="9.241593534046537" width="10.068390147814148" y="-4.620796767023268" x="-5.034195073907074" data-idx="6"></rect>
</g></g><g transform="matrix(1,0,0,1,598.063232421875,0)" data-idx="7">
<g style="animation-delay: -75.7539s; animation-duration: 2s; animation-play-state: paused; transform: matrix3d(-0.118071, 0.134172, 0.983899, 0, 0.983899, -0.118071, 0.134172, 0, 0.134172, 0.983899, -0.118071, 0, 0, 572.815, 0, 1);" class="ld ld-fall2" data-idx="8">
<rect fill="#4355db" style="transform: matrix(2.75346, 0, 0, 2.75346, 0, 0);" height="9.445819440348846" width="6.448141790459355" y="-4.722909720174423" x="-3.2240708952296777" data-idx="9"></rect>
</g></g><g transform="matrix(1,0,0,1,20.651578903198242,0)" data-idx="10">
<g style="animation-delay: -74.7648s; animation-duration: 4s; animation-play-state: paused; transform: matrix3d(0.926423, 0.30045, -0.226872, 0, -0.226872, 0.926423, 0.30045, 0, 0.30045, -0.226872, 0.926423, 0, 0, 451.763, 0, 1);" class="ld ld-fall2" data-idx="11">
<rect fill="#4355db" style="transform: matrix(3.3221, 0, 0, 3.3221, 0, 0);" height="10.123371832849479" width="10.138424984707807" y="-5.061685916424739" x="-5.069212492353904" data-idx="12"></rect>
</g></g><g transform="matrix(1,0,0,1,86.97650909423828,0)" data-idx="13">
<g style="animation-delay: -75.1679s; animation-duration: 4s; animation-play-state: paused; transform: matrix3d(-0.144347, 0.974913, 0.169434, 0, 0.169434, -0.144347, 0.974913, 0, 0.974913, 0.169434, -0.144347, 0, 0, 517.423, 0, 1);" class="ld ld-fall2" data-idx="14">
<rect fill="#eb7532" style="transform: matrix(2.6287, 0, 0, 2.6287, 0, 0);" height="9.368277727398771" width="7.1363789745635895" y="-4.684138863699386" x="-3.5681894872817947" data-idx="15"></rect>
</g></g><g transform="matrix(1,0,0,1,1325.0213623046875,0)" data-idx="16">
<g style="animation-delay: -75.365s; animation-duration: 4s; animation-play-state: paused; transform: matrix3d(-0.32534, 0.573533, 0.751807, 0, 0.751807, -0.32534, 0.573533, 0, 0.573533, 0.751807, -0.32534, 0, 0, 549.537, 0, 1);" class="ld ld-fall2" data-idx="17">
<rect fill="#d23be7" style="transform: matrix(2.6058, 0, 0, 2.6058, 0, 0);" height="6.781869677049018" width="11.773835717701704" y="-3.390934838524509" x="-5.886917858850852" data-idx="18"></rect>
</g></g><g transform="matrix(1,0,0,1,117.39447021484375,0)" data-idx="19">
<g style="animation-delay: -76.7138s; animation-duration: 4s; animation-play-state: paused; transform: matrix3d(-0.315147, 0.523639, 0.791508, 0, 0.791508, -0.315147, 0.523639, 0, 0.523639, 0.791508, -0.315147, 0, 0, 116.944, 0, 1);" class="ld ld-fall2" data-idx="20">
<rect fill="#4355db" style="transform: matrix(2.0467, 0, 0, 2.0467, 0, 0);" height="7.864789613033336" width="11.467223569932994" y="-3.932394806516668" x="-5.733611784966497" data-idx="21"></rect>
</g></g><g transform="matrix(1,0,0,1,636.5061645507812,0)" data-idx="22">
<g style="animation-delay: -74.4581s; animation-duration: 2s; animation-play-state: paused; transform: matrix3d(0.0832016, -0.0767727, 0.993571, 0, 0.993571, 0.0832016, -0.0767727, 0, -0.0767727, 0.993571, 0.0832016, 0, 0, 149.926, 0, 1);" class="ld ld-fall2" data-idx="23">
<rect fill="#eb7532" style="transform: matrix(1.9953, 0, 0, 1.9953, 0, 0);" height="10.526165759963105" width="10.041892098367551" y="-5.263082879981552" x="-5.020946049183776" data-idx="24"></rect>
</g></g><g transform="matrix(1,0,0,1,133.51869201660156,0)" data-idx="25">
<g style="animation-delay: -75.0839s; animation-duration: 4s; animation-play-state: paused; transform: matrix3d(0.071362, 0.995225, -0.0665874, 0, -0.0665874, 0.071362, 0.995225, 0, 0.995225, -0.0665874, 0.071362, 0, 0, 503.74, 0, 1);" class="ld ld-fall2" data-idx="26">
<rect fill="#4355db" style="transform: matrix(1.96585, 0, 0, 1.96585, 0, 0);" height="8.066358666705376" width="8.60444880464231" y="-4.033179333352688" x="-4.302224402321155" data-idx="27"></rect>
</g></g><g transform="matrix(1,0,0,1,1156.72412109375,0)" data-idx="28">
<g style="animation-delay: -74.5001s; animation-duration: 2s; animation-play-state: paused; transform: matrix3d(0.340137, -0.247389, 0.907252, 0, 0.907252, 0.340137, -0.247389, 0, -0.247389, 0.907252, 0.340137, 0, 0, 163.604, 0, 1);" class="ld ld-fall2" data-idx="29">
<rect fill="#f7d038" style="transform: matrix(2.99175, 0, 0, 2.99175, 0, 0);" height="7.0929265604769425" width="7.070631372223238" y="-3.5464632802384712" x="-3.535315686111619" data-idx="30"></rect>
</g></g><g transform="matrix(1,0,0,1,1248.0562744140625,0)" data-idx="31">
<g style="animation-delay: -76.9954s; animation-duration: 4s; animation-play-state: paused; transform: matrix3d(0.325056, -0.239834, 0.914778, 0, 0.914778, 0.325056, -0.239834, 0, -0.239834, 0.914778, 0.325056, 0, 0, 162.82, 0, 1);" class="ld ld-fall2" data-idx="32">
<rect fill="#eb7532" style="transform: matrix(2.52596, 0, 0, 2.52596, 0, 0);" height="11.311256871117276" width="6.405038516173279" y="-5.655628435558638" x="-3.2025192580866393" data-idx="33"></rect>
</g></g><g transform="matrix(1,0,0,1,1132.8072509765625,0)" data-idx="34">
<g style="animation-delay: -75.3824s; animation-duration: 2s; animation-play-state: paused; transform: matrix3d(0.926367, 0.300572, -0.226939, 0, -0.226939, 0.926367, 0.300572, 0, 0.300572, -0.226939, 0.926367, 0, 0, 451.769, 0, 1);" class="ld ld-fall2" data-idx="35">
<rect fill="#eb7532" style="transform: matrix(2.22439, 0, 0, 2.22439, 0, 0);" height="7.456441006180908" width="9.611897672817364" y="-3.728220503090454" x="-4.805948836408682" data-idx="36"></rect>
</g></g><g transform="matrix(1,0,0,1,9.517840385437012,0)" data-idx="37">
<g style="animation-delay: -74.9847s; animation-duration: 2s; animation-play-state: paused; transform: matrix3d(-0.326417, 0.746155, 0.580263, 0, 0.580263, -0.326417, 0.746155, 0, 0.746155, 0.580263, -0.326417, 0, 0, 321.506, 0, 1);" class="ld ld-fall2" data-idx="38">
<rect fill="#4355db" style="transform: matrix(2.0299, 0, 0, 2.0299, 0, 0);" height="6.936951453749228" width="10.000043503590895" y="-3.468475726874614" x="-5.0000217517954475" data-idx="39"></rect>
</g></g><g transform="matrix(1,0,0,1,1350.17822265625,0)" data-idx="40">
<g style="animation-delay: -75.5766s; animation-duration: 2s; animation-play-state: paused; transform: matrix3d(-0.111058, 0.985902, 0.125156, 0, 0.125156, -0.111058, 0.985902, 0, 0.985902, 0.125156, -0.111058, 0, 0, 515.026, 0, 1);" class="ld ld-fall2" data-idx="41">
<rect fill="#eb7532" style="transform: matrix(2.47601, 0, 0, 2.47601, 0, 0);" height="7.587651448054601" width="9.994057934910227" y="-3.7938257240273003" x="-4.997028967455114" data-idx="42"></rect>
</g></g><g transform="matrix(1,0,0,1,1353.443603515625,0)" data-idx="43">
<g style="animation-delay: -74.165s; animation-duration: 4s; animation-play-state: paused; transform: matrix3d(-0.14036, 0.163924, 0.976436, 0, 0.976436, -0.14036, 0.163924, 0, 0.163924, 0.976436, -0.14036, 0, 0, 353.54, 0, 1);" class="ld ld-fall2" data-idx="44">
<rect fill="#a3e048" style="transform: matrix(3.40746, 0, 0, 3.40746, 0, 0);" height="8.674789432316587" width="8.086215119630909" y="-4.337394716158293" x="-4.043107559815454" data-idx="45"></rect>
</g></g><g transform="matrix(1,0,0,1,635.3472290039062,0)" data-idx="46">
<g style="animation-delay: -75.928s; animation-duration: 2s; animation-play-state: paused; transform: matrix3d(0.852992, -0.288158, 0.435166, 0, 0.435166, 0.852992, -0.288158, 0, -0.288158, 0.435166, 0.852992, 0, 0, 629.549, 0, 1);" class="ld ld-fall2" data-idx="47">
<rect fill="#34bbe6" style="transform: matrix(3.18031, 0, 0, 3.18031, 0, 0);" height="11.644015439282235" width="8.291344046399189" y="-5.8220077196411175" x="-4.1456720231995945" data-idx="48"></rect>
</g></g><g transform="matrix(1,0,0,1,1122.9921875,0)" data-idx="49">
<g style="animation-delay: -75.3373s; animation-duration: 4s; animation-play-state: paused; transform: matrix3d(-0.333129, 0.652256, 0.680872, 0, 0.680872, -0.333129, 0.652256, 0, 0.652256, 0.680872, -0.333129, 0, 0, 545.025, 0, 1);" class="ld ld-fall2" data-idx="50">
<rect fill="#34bbe6" style="transform: matrix(1.56692, 0, 0, 1.56692, 0, 0);" height="7.149901271356995" width="8.682496969391886" y="-3.5749506356784977" x="-4.341248484695943" data-idx="51"></rect>
</g></g><g transform="matrix(1,0,0,1,805.5890502929688,0)" data-idx="52">
<g style="animation-delay: -75.4384s; animation-duration: 4s; animation-play-state: paused; transform: matrix3d(-0.25158, 0.348768, 0.902811, 0, 0.902811, -0.25158, 0.348768, 0, 0.348768, 0.902811, -0.25158, 0, 0, 561.503, 0, 1);" class="ld ld-fall2" data-idx="53">
<rect fill="#34bbe6" style="transform: matrix(3.34295, 0, 0, 3.34295, 0, 0);" height="8.003396731259217" width="7.3360741011778465" y="-4.001698365629609" x="-3.6680370505889233" data-idx="54"></rect>
</g></g><g transform="matrix(1,0,0,1,413.0257568359375,0)" data-idx="55">
<g style="animation-delay: -76.1438s; animation-duration: 2s; animation-play-state: paused; transform: matrix3d(0.472599, 0.828313, -0.300912, 0, -0.300912, 0.472599, 0.828313, 0, 0.828313, -0.300912, 0.472599, 0, 0, 47.1261, 0, 1);" class="ld ld-fall2" data-idx="56">
<rect fill="#4355db" style="transform: matrix(2.05686, 0, 0, 2.05686, 0, 0);" height="10.516735993630594" width="6.890562157991862" y="-5.258367996815297" x="-3.445281078995931" data-idx="57"></rect>
</g></g><g transform="matrix(1,0,0,1,784.8660888671875,0)" data-idx="58">
<g style="animation-delay: -76.4247s; animation-duration: 4s; animation-play-state: paused; transform: matrix3d(0.050337, 0.997582, -0.047919, 0, -0.047919, 0.050337, 0.997582, 0, 0.997582, -0.047919, 0.050337, 0, 0, 69.6042, 0, 1);" class="ld ld-fall2" data-idx="59">
<rect fill="#eb7532" style="transform: matrix(2.8668, 0, 0, 2.8668, 0, 0);" height="10.589254286702037" width="8.352277238264218" y="-5.294627143351018" x="-4.176138619132109" data-idx="60"></rect>
</g></g><g transform="matrix(1,0,0,1,494.92047119140625,0)" data-idx="61">
<g style="animation-delay: -76.8173s; animation-duration: 4s; animation-play-state: paused; transform: matrix3d(-0.167507, 0.202699, 0.964808, 0, 0.964808, -0.167507, 0.202699, 0, 0.202699, 0.964808, -0.167507, 0, 0, 133.805, 0, 1);" class="ld ld-fall2" data-idx="62">
<rect fill="#f7d038" style="transform: matrix(2.50651, 0, 0, 2.50651, 0, 0);" height="7.412661618147512" width="7.686362466161422" y="-3.706330809073756" x="-3.843181233080711" data-idx="63"></rect>
</g></g><g transform="matrix(1,0,0,1,175.27796936035156,0)" data-idx="64">
<g style="animation-delay: -75.3888s; animation-duration: 2s; animation-play-state: paused; transform: matrix3d(0.907129, 0.340377, -0.247507, 0, -0.247507, 0.907129, 0.340377, 0, 0.340377, -0.247507, 0.907129, 0, 0, 453.838, 0, 1);" class="ld ld-fall2" data-idx="65">
<rect fill="#34bbe6" style="transform: matrix(1.60301, 0, 0, 1.60301, 0, 0);" height="6.4474189014487955" width="8.293450036293923" y="-3.2237094507243977" x="-4.146725018146961" data-idx="66"></rect>
</g></g><g transform="matrix(1,0,0,1,945.5401000976562,0)" data-idx="67">
<g style="animation-delay: -77.5944s; animation-duration: 4s; animation-play-state: paused; transform: matrix3d(0.553722, 0.768029, -0.321751, 0, -0.321751, 0.553722, 0.768029, 0, 0.768029, -0.321751, 0.553722, 0, 0, 260.411, 0, 1);" class="ld ld-fall2" data-idx="68">
<rect fill="#eb7532" style="transform: matrix(2.13065, 0, 0, 2.13065, 0, 0);" height="7.315757206918994" width="10.421002976799388" y="-3.657878603459497" x="-5.210501488399694" data-idx="69"></rect>
</g></g><g transform="matrix(1,0,0,1,695.7034301757812,0)" data-idx="70">
<g style="animation-delay: -74.6329s; animation-duration: 2s; animation-play-state: paused; transform: matrix3d(0.967977, -0.160777, 0.1928, 0, 0.1928, 0.967977, -0.160777, 0, -0.160777, 0.1928, 0.967977, 0, 0, 206.886, 0, 1);" class="ld ld-fall2" data-idx="71">
<rect fill="#d23be7" style="transform: matrix(2.25324, 0, 0, 2.25324, 0, 0);" height="8.63752888574401" width="11.028085086705179" y="-4.318764442872005" x="-5.5140425433525895" data-idx="72"></rect>
</g></g><g transform="matrix(1,0,0,1,1124.677734375,0)" data-idx="73">
<g style="animation-delay: -75.2354s; animation-duration: 2s; animation-play-state: paused; transform: matrix3d(0.740491, -0.327411, 0.58692, 0, 0.58692, 0.740491, -0.327411, 0, -0.327411, 0.58692, 0.740491, 0, 0, 403.677, 0, 1);" class="ld ld-fall2" data-idx="74">
<rect fill="#eb7532" style="transform: matrix(2.22705, 0, 0, 2.22705, 0, 0);" height="6.272466344110892" width="8.80184306213736" y="-3.136233172055446" x="-4.40092153106868" data-idx="75"></rect>
</g></g><g transform="matrix(1,0,0,1,999.1267700195312,0)" data-idx="76">
<g style="animation-delay: -74.5429s; animation-duration: 2s; animation-play-state: paused; transform: matrix3d(0.600887, -0.329258, 0.728371, 0, 0.728371, 0.600887, -0.329258, 0, -0.329258, 0.728371, 0.600887, 0, 0, 177.556, 0, 1);" class="ld ld-fall2" data-idx="77">
<rect fill="#a3e048" style="transform: matrix(2.04393, 0, 0, 2.04393, 0, 0);" height="10.599244416563106" width="7.518963951085894" y="-5.299622208281553" x="-3.759481975542947" data-idx="78"></rect>
</g></g></g>
  <g transform="matrix(1,0,0,1,0,-236.27359008789062)" data-idx="79"><g transform="matrix(1,0,0,1,1255.177978515625,0)" data-idx="80">
<g style="animation-delay: -76.1033s; animation-duration: 2s; animation-play-state: paused; transform: matrix3d(0.705809, 0.625927, -0.331736, 0, -0.331736, 0.705809, 0.625927, 0, 0.625927, -0.331736, 0.705809, 0, 0, 33.8793, 0, 1);" class="ld ld-fall" data-idx="81">
<rect fill="#4355db" style="transform: matrix(2.78139, 0, 0, 2.78139, 0, 0);" height="9.241593534046537" width="10.068390147814148" y="-4.620796767023268" x="-5.034195073907074" data-idx="82"></rect>
</g></g><g transform="matrix(1,0,0,1,598.063232421875,0)" data-idx="83">
<g style="animation-delay: -75.7539s; animation-duration: 2s; animation-play-state: paused; transform: matrix3d(-0.118071, 0.134172, 0.983899, 0, 0.983899, -0.118071, 0.134172, 0, 0.134172, 0.983899, -0.118071, 0, 0, 572.815, 0, 1);" class="ld ld-fall" data-idx="84">
<rect fill="#4355db" style="transform: matrix(2.75346, 0, 0, 2.75346, 0, 0);" height="9.445819440348846" width="6.448141790459355" y="-4.722909720174423" x="-3.2240708952296777" data-idx="85"></rect>
</g></g><g transform="matrix(1,0,0,1,20.651578903198242,0)" data-idx="86">
<g style="animation-delay: -74.7648s; animation-duration: 4s; animation-play-state: paused; transform: matrix3d(0.926423, 0.30045, -0.226872, 0, -0.226872, 0.926423, 0.30045, 0, 0.30045, -0.226872, 0.926423, 0, 0, 451.763, 0, 1);" class="ld ld-fall" data-idx="87">
<rect fill="#4355db" style="transform: matrix(3.3221, 0, 0, 3.3221, 0, 0);" height="10.123371832849479" width="10.138424984707807" y="-5.061685916424739" x="-5.069212492353904" data-idx="88"></rect>
</g></g><g transform="matrix(1,0,0,1,86.97650909423828,0)" data-idx="89">
<g style="animation-delay: -75.1679s; animation-duration: 4s; animation-play-state: paused; transform: matrix3d(-0.144347, 0.974913, 0.169434, 0, 0.169434, -0.144347, 0.974913, 0, 0.974913, 0.169434, -0.144347, 0, 0, 517.423, 0, 1);" class="ld ld-fall" data-idx="90">
<rect fill="#eb7532" style="transform: matrix(2.6287, 0, 0, 2.6287, 0, 0);" height="9.368277727398771" width="7.1363789745635895" y="-4.684138863699386" x="-3.5681894872817947" data-idx="91"></rect>
</g></g><g transform="matrix(1,0,0,1,1325.0213623046875,0)" data-idx="92">
<g style="animation-delay: -75.365s; animation-duration: 4s; animation-play-state: paused; transform: matrix3d(-0.32534, 0.573533, 0.751807, 0, 0.751807, -0.32534, 0.573533, 0, 0.573533, 0.751807, -0.32534, 0, 0, 549.537, 0, 1);" class="ld ld-fall" data-idx="93">
<rect fill="#d23be7" style="transform: matrix(2.6058, 0, 0, 2.6058, 0, 0);" height="6.781869677049018" width="11.773835717701704" y="-3.390934838524509" x="-5.886917858850852" data-idx="94"></rect>
</g></g><g transform="matrix(1,0,0,1,117.39447021484375,0)" data-idx="95">
<g style="animation-delay: -76.7138s; animation-duration: 4s; animation-play-state: paused; transform: matrix3d(-0.315147, 0.523639, 0.791508, 0, 0.791508, -0.315147, 0.523639, 0, 0.523639, 0.791508, -0.315147, 0, 0, 116.944, 0, 1);" class="ld ld-fall" data-idx="96">
<rect fill="#4355db" style="transform: matrix(2.0467, 0, 0, 2.0467, 0, 0);" height="7.864789613033336" width="11.467223569932994" y="-3.932394806516668" x="-5.733611784966497" data-idx="97"></rect>
</g></g><g transform="matrix(1,0,0,1,636.5061645507812,0)" data-idx="98">
<g style="animation-delay: -74.4581s; animation-duration: 2s; animation-play-state: paused; transform: matrix3d(0.0832016, -0.0767727, 0.993571, 0, 0.993571, 0.0832016, -0.0767727, 0, -0.0767727, 0.993571, 0.0832016, 0, 0, 149.926, 0, 1);" class="ld ld-fall" data-idx="99">
<rect fill="#eb7532" style="transform: matrix(1.9953, 0, 0, 1.9953, 0, 0);" height="10.526165759963105" width="10.041892098367551" y="-5.263082879981552" x="-5.020946049183776" data-idx="100"></rect>
</g></g><g transform="matrix(1,0,0,1,133.51869201660156,0)" data-idx="101">
<g style="animation-delay: -75.0839s; animation-duration: 4s; animation-play-state: paused; transform: matrix3d(0.071362, 0.995225, -0.0665874, 0, -0.0665874, 0.071362, 0.995225, 0, 0.995225, -0.0665874, 0.071362, 0, 0, 503.74, 0, 1);" class="ld ld-fall" data-idx="102">
<rect fill="#4355db" style="transform: matrix(1.96585, 0, 0, 1.96585, 0, 0);" height="8.066358666705376" width="8.60444880464231" y="-4.033179333352688" x="-4.302224402321155" data-idx="103"></rect>
</g></g><g transform="matrix(1,0,0,1,1156.72412109375,0)" data-idx="104">
<g style="animation-delay: -74.5001s; animation-duration: 2s; animation-play-state: paused; transform: matrix3d(0.340137, -0.247389, 0.907252, 0, 0.907252, 0.340137, -0.247389, 0, -0.247389, 0.907252, 0.340137, 0, 0, 163.604, 0, 1);" class="ld ld-fall" data-idx="105">
<rect fill="#f7d038" style="transform: matrix(2.99175, 0, 0, 2.99175, 0, 0);" height="7.0929265604769425" width="7.070631372223238" y="-3.5464632802384712" x="-3.535315686111619" data-idx="106"></rect>
</g></g><g transform="matrix(1,0,0,1,1248.0562744140625,0)" data-idx="107">
<g style="animation-delay: -76.9954s; animation-duration: 4s; animation-play-state: paused; transform: matrix3d(0.325056, -0.239834, 0.914778, 0, 0.914778, 0.325056, -0.239834, 0, -0.239834, 0.914778, 0.325056, 0, 0, 162.82, 0, 1);" class="ld ld-fall" data-idx="108">
<rect fill="#eb7532" style="transform: matrix(2.52596, 0, 0, 2.52596, 0, 0);" height="11.311256871117276" width="6.405038516173279" y="-5.655628435558638" x="-3.2025192580866393" data-idx="109"></rect>
</g></g><g transform="matrix(1,0,0,1,1132.8072509765625,0)" data-idx="110">
<g style="animation-delay: -75.3824s; animation-duration: 2s; animation-play-state: paused; transform: matrix3d(0.926367, 0.300572, -0.226939, 0, -0.226939, 0.926367, 0.300572, 0, 0.300572, -0.226939, 0.926367, 0, 0, 451.769, 0, 1);" class="ld ld-fall" data-idx="111">
<rect fill="#eb7532" style="transform: matrix(2.22439, 0, 0, 2.22439, 0, 0);" height="7.456441006180908" width="9.611897672817364" y="-3.728220503090454" x="-4.805948836408682" data-idx="112"></rect>
</g></g><g transform="matrix(1,0,0,1,9.517840385437012,0)" data-idx="113">
<g style="animation-delay: -74.9847s; animation-duration: 2s; animation-play-state: paused; transform: matrix3d(-0.326417, 0.746155, 0.580263, 0, 0.580263, -0.326417, 0.746155, 0, 0.746155, 0.580263, -0.326417, 0, 0, 321.506, 0, 1);" class="ld ld-fall" data-idx="114">
<rect fill="#4355db" style="transform: matrix(2.0299, 0, 0, 2.0299, 0, 0);" height="6.936951453749228" width="10.000043503590895" y="-3.468475726874614" x="-5.0000217517954475" data-idx="115"></rect>
</g></g><g transform="matrix(1,0,0,1,1350.17822265625,0)" data-idx="116">
<g style="animation-delay: -75.5766s; animation-duration: 2s; animation-play-state: paused; transform: matrix3d(-0.111058, 0.985902, 0.125156, 0, 0.125156, -0.111058, 0.985902, 0, 0.985902, 0.125156, -0.111058, 0, 0, 515.026, 0, 1);" class="ld ld-fall" data-idx="117">
<rect fill="#eb7532" style="transform: matrix(2.47601, 0, 0, 2.47601, 0, 0);" height="7.587651448054601" width="9.994057934910227" y="-3.7938257240273003" x="-4.997028967455114" data-idx="118"></rect>
</g></g><g transform="matrix(1,0,0,1,1353.443603515625,0)" data-idx="119">
<g style="animation-delay: -74.165s; animation-duration: 4s; animation-play-state: paused; transform: matrix3d(-0.14036, 0.163924, 0.976436, 0, 0.976436, -0.14036, 0.163924, 0, 0.163924, 0.976436, -0.14036, 0, 0, 353.54, 0, 1);" class="ld ld-fall" data-idx="120">
<rect fill="#a3e048" style="transform: matrix(3.40746, 0, 0, 3.40746, 0, 0);" height="8.674789432316587" width="8.086215119630909" y="-4.337394716158293" x="-4.043107559815454" data-idx="121"></rect>
</g></g><g transform="matrix(1,0,0,1,635.3472290039062,0)" data-idx="122">
<g style="animation-delay: -75.928s; animation-duration: 2s; animation-play-state: paused; transform: matrix3d(0.852992, -0.288158, 0.435166, 0, 0.435166, 0.852992, -0.288158, 0, -0.288158, 0.435166, 0.852992, 0, 0, 629.549, 0, 1);" class="ld ld-fall" data-idx="123">
<rect fill="#34bbe6" style="transform: matrix(3.18031, 0, 0, 3.18031, 0, 0);" height="11.644015439282235" width="8.291344046399189" y="-5.8220077196411175" x="-4.1456720231995945" data-idx="124"></rect>
</g></g><g transform="matrix(1,0,0,1,1122.9921875,0)" data-idx="125">
<g style="animation-delay: -75.3373s; animation-duration: 4s; animation-play-state: paused; transform: matrix3d(-0.333129, 0.652256, 0.680872, 0, 0.680872, -0.333129, 0.652256, 0, 0.652256, 0.680872, -0.333129, 0, 0, 545.025, 0, 1);" class="ld ld-fall" data-idx="126">
<rect fill="#34bbe6" style="transform: matrix(1.56692, 0, 0, 1.56692, 0, 0);" height="7.149901271356995" width="8.682496969391886" y="-3.5749506356784977" x="-4.341248484695943" data-idx="127"></rect>
</g></g><g transform="matrix(1,0,0,1,805.5890502929688,0)" data-idx="128">
<g style="animation-delay: -75.4384s; animation-duration: 4s; animation-play-state: paused; transform: matrix3d(-0.25158, 0.348768, 0.902811, 0, 0.902811, -0.25158, 0.348768, 0, 0.348768, 0.902811, -0.25158, 0, 0, 561.503, 0, 1);" class="ld ld-fall" data-idx="129">
<rect fill="#34bbe6" style="transform: matrix(3.34295, 0, 0, 3.34295, 0, 0);" height="8.003396731259217" width="7.3360741011778465" y="-4.001698365629609" x="-3.6680370505889233" data-idx="130"></rect>
</g></g><g transform="matrix(1,0,0,1,413.0257568359375,0)" data-idx="131">
<g style="animation-delay: -76.1438s; animation-duration: 2s; animation-play-state: paused; transform: matrix3d(0.472599, 0.828313, -0.300912, 0, -0.300912, 0.472599, 0.828313, 0, 0.828313, -0.300912, 0.472599, 0, 0, 47.1261, 0, 1);" class="ld ld-fall" data-idx="132">
<rect fill="#4355db" style="transform: matrix(2.05686, 0, 0, 2.05686, 0, 0);" height="10.516735993630594" width="6.890562157991862" y="-5.258367996815297" x="-3.445281078995931" data-idx="133"></rect>
</g></g><g transform="matrix(1,0,0,1,784.8660888671875,0)" data-idx="134">
<g style="animation-delay: -76.4247s; animation-duration: 4s; animation-play-state: paused; transform: matrix3d(0.050337, 0.997582, -0.047919, 0, -0.047919, 0.050337, 0.997582, 0, 0.997582, -0.047919, 0.050337, 0, 0, 69.6042, 0, 1);" class="ld ld-fall" data-idx="135">
<rect fill="#eb7532" style="transform: matrix(2.8668, 0, 0, 2.8668, 0, 0);" height="10.589254286702037" width="8.352277238264218" y="-5.294627143351018" x="-4.176138619132109" data-idx="136"></rect>
</g></g><g transform="matrix(1,0,0,1,494.92047119140625,0)" data-idx="137">
<g style="animation-delay: -76.8173s; animation-duration: 4s; animation-play-state: paused; transform: matrix3d(-0.167507, 0.202699, 0.964808, 0, 0.964808, -0.167507, 0.202699, 0, 0.202699, 0.964808, -0.167507, 0, 0, 133.805, 0, 1);" class="ld ld-fall" data-idx="138">
<rect fill="#f7d038" style="transform: matrix(2.50651, 0, 0, 2.50651, 0, 0);" height="7.412661618147512" width="7.686362466161422" y="-3.706330809073756" x="-3.843181233080711" data-idx="139"></rect>
</g></g><g transform="matrix(1,0,0,1,175.27796936035156,0)" data-idx="140">
<g style="animation-delay: -75.3888s; animation-duration: 2s; animation-play-state: paused; transform: matrix3d(0.907129, 0.340377, -0.247507, 0, -0.247507, 0.907129, 0.340377, 0, 0.340377, -0.247507, 0.907129, 0, 0, 453.838, 0, 1);" class="ld ld-fall" data-idx="141">
<rect fill="#34bbe6" style="transform: matrix(1.60301, 0, 0, 1.60301, 0, 0);" height="6.4474189014487955" width="8.293450036293923" y="-3.2237094507243977" x="-4.146725018146961" data-idx="142"></rect>
</g></g><g transform="matrix(1,0,0,1,945.5401000976562,0)" data-idx="143">
<g style="animation-delay: -77.5944s; animation-duration: 4s; animation-play-state: paused; transform: matrix3d(0.553722, 0.768029, -0.321751, 0, -0.321751, 0.553722, 0.768029, 0, 0.768029, -0.321751, 0.553722, 0, 0, 260.411, 0, 1);" class="ld ld-fall" data-idx="144">
<rect fill="#eb7532" style="transform: matrix(2.13065, 0, 0, 2.13065, 0, 0);" height="7.315757206918994" width="10.421002976799388" y="-3.657878603459497" x="-5.210501488399694" data-idx="145"></rect>
</g></g><g transform="matrix(1,0,0,1,695.7034301757812,0)" data-idx="146">
<g style="animation-delay: -74.6329s; animation-duration: 2s; animation-play-state: paused; transform: matrix3d(0.967977, -0.160777, 0.1928, 0, 0.1928, 0.967977, -0.160777, 0, -0.160777, 0.1928, 0.967977, 0, 0, 206.886, 0, 1);" class="ld ld-fall" data-idx="147">
<rect fill="#d23be7" style="transform: matrix(2.25324, 0, 0, 2.25324, 0, 0);" height="8.63752888574401" width="11.028085086705179" y="-4.318764442872005" x="-5.5140425433525895" data-idx="148"></rect>
</g></g><g transform="matrix(1,0,0,1,1124.677734375,0)" data-idx="149">
<g style="animation-delay: -75.2354s; animation-duration: 2s; animation-play-state: paused; transform: matrix3d(0.740491, -0.327411, 0.58692, 0, 0.58692, 0.740491, -0.327411, 0, -0.327411, 0.58692, 0.740491, 0, 0, 403.677, 0, 1);" class="ld ld-fall" data-idx="150">
<rect fill="#eb7532" style="transform: matrix(2.22705, 0, 0, 2.22705, 0, 0);" height="6.272466344110892" width="8.80184306213736" y="-3.136233172055446" x="-4.40092153106868" data-idx="151"></rect>
</g></g><g transform="matrix(1,0,0,1,999.1267700195312,0)" data-idx="152">
<g style="animation-delay: -74.5429s; animation-duration: 2s; animation-play-state: paused; transform: matrix3d(0.600887, -0.329258, 0.728371, 0, 0.728371, 0.600887, -0.329258, 0, -0.329258, 0.728371, 0.600887, 0, 0, 177.556, 0, 1);" class="ld ld-fall" data-idx="153">
<rect fill="#a3e048" style="transform: matrix(2.04393, 0, 0, 2.04393, 0, 0);" height="10.599244416563106" width="7.518963951085894" y="-5.299622208281553" x="-3.759481975542947" data-idx="154"></rect>
</g></g></g><g data-idx="155"></g></g><text data-watermark="true" text-anchor="middle" dominant-baseline="middle" stroke-opacity="0.1" fill="black" fill-opacity="0.1" stroke="white" stroke-width="1" font-size="15.0" x="683.0" y="320.5" data-idx="156" style="opacity: 1; font-size: 15px;">LOADING.IO</text></svg>